72, 25, 3
70, 24, 6
64, 29, 7
61, 29, 10
56, 31, 13
51, 32, 17
49, 33, 18
44, 36, 20
40, 32, 28
35, 35, 30
34, 33, 33
32, 31, 37
29, 33, 38
27, 34, 39
25, 32, 43
22, 32, 46
21, 32, 47
19, 31, 50
16, 31, 53
14, 32, 54
13, 31, 56
13, 27, 60
12, 27, 61
12, 25, 63
12, 23, 65
11, 22, 67
11, 20, 69
11, 18, 71
11, 16, 73
10, 17, 73
