80, 18, 2
61, 34, 5
45, 44, 11
34, 49, 17
29, 53, 18
23, 52, 25
19, 52, 29
17, 52, 31
13, 50, 37
12, 49, 39
12, 46, 42
10, 46, 44
10, 42, 48
10, 38, 52
7, 39, 54
6, 38, 56
4, 33, 63
4, 28, 68
4, 25, 71
2, 25, 73
2, 22, 76
2, 20, 78
0, 20, 80
0, 19, 81
0, 16, 84
0, 15, 85
0, 14, 86
0, 14, 86
0, 13, 87
0, 13, 87
