75, 21, 4
71, 23, 6
69, 23, 8
67, 25, 8
65, 24, 11
63, 22, 15
59, 22, 19
56, 22, 22
53, 25, 22
49, 26, 25
46, 25, 29
42, 27, 31
39, 27, 34
37, 22, 41
34, 20, 46
30, 22, 48
29, 22, 49
25, 25, 50
24, 26, 50
23, 26, 51
22, 26, 52
21, 24, 55
20, 24, 56
17, 23, 60
14, 23, 63
14, 22, 64
13, 21, 66
13, 20, 67
11, 18, 71
10, 18, 72
