72, 25, 3
70, 24, 6
64, 29, 7
62, 28, 10
58, 29, 13
56, 27, 17
54, 28, 18
52, 28, 20
49, 24, 27
46, 24, 30
42, 26, 32
39, 27, 34
37, 28, 35
36, 27, 37
34, 27, 39
30, 28, 42
29, 27, 44
29, 22, 49
27, 22, 51
25, 23, 52
24, 23, 53
22, 24, 54
22, 21, 57
19, 24, 57
17, 24, 59
14, 27, 59
13, 25, 62
12, 23, 65
12, 19, 69
12, 18, 70
